124|79|79
124|510|510
124|643|643
124|42|42
124|604|604
124|497|497
124|252|252
124|239|239
124|68|68
124|101|101
124|389|389
124|389|389
124|339|339
124|510|510
124|651|651
124|896|896
124|477|477
124|737|737
124|992|992
124|417|417
124|17|17
124|894|894
124|178|178
124|605|605
124|859|859
124|243|243
124|839|839
124|610|610
124|634|634
124|84|84
124|884|884
124|569|569
124|272|272
124|572|572
124|117|117
124|526|526
124|757|757
124|105|105
124|981|981
124|294|294
124|651|651
124|137|137
124|283|283
124|168|168
124|181|181
124|249|249
124|105|105
124|580|580
124|677|677
124|397|397
124|952|952
124|748|748
124|921|921
124|273|273
124|520|520
124|31|31
124|893|893
124|606|606
124|459|459
124|740|740
124|781|781
124|635|635
124|164|164
124|903|903
124|423|423
124|606|606
124|116|116
124|985|985
124|443|443
124|155|155
124|634|634
124|299|299
124|954|954
124|455|455
124|12|12
124|165|165
124|23|23
124|558|558
124|74|74
124|688|688
124|433|433
124|320|320
124|790|790
124|66|66
124|955|955
124|422|422
124|848|848
124|849|849
124|355|355
124|262|262
124|549|549
124|471|471
124|758|758
124|326|326
124|877|877
124|998|998
124|280|280
124|433|433
124|675|675
124|444|444
124|580|580
124|786|786
124|791|791
124|872|872
124|638|638
124|530|530
124|369|369
124|163|163
124|15|15
124|966|966
124|49|49
124|537|537
124|191|191
124|573|573
124|31|31
124|225|225
124|202|202
124|353|353
124|874|874
124|438|438
124|855|855
124|90|90
124|957|957
124|132|132
124|495|495
124|388|388
124|243|243
124|227|227
124|246|246
124|255|255
124|637|637
124|555|555
124|509|509
124|458|458
124|340|340
124|934|934
124|751|751
124|902|902
124|254|254
124|159|159
124|997|997
124|282|282
124|548|548
124|397|397
124|78|78
124|29|29
124|884|884
124|142|142
124|899|899
124|946|946
124|772|772
124|84|84
124|48|48
124|265|265
124|13|13
124|336|336
124|858|858
124|602|602
124|565|565
124|487|487
124|756|756
124|255|255
124|484|484
124|381|381
124|51|51
124|234|234
124|643|643
124|336|336
124|280|280
124|274|274
124|517|517
124|89|89
124|124|124
124|66|66
124|413|413
124|228|228
124|889|889
124|397|397
124|932|932
124|796|796
124|613|613
124|804|804
124|379|379
124|153|153
124|586|586
124|126|126
124|626|626
124|899|899
124|565|565
124|248|248
124|529|529
124|572|572
124|257|257
124|49|49
124|131|131
124|456|456
124|778|778
124|388|388
124|220|220
124|247|247
124|802|802
124|828|828
124|876|876
124|128|128
124|219|219
124|958|958
124|63|63
124|77|77
124|84|84
124|546|546
124|990|990
124|301|301
124|86|86
124|603|603
124|786|786
124|458|458
124|28|28
124|977|977
124|626|626
124|842|842
124|741|741
124|495|495
124|511|511
124|853|853
124|162|162
124|619|619
124|683|683
124|611|611
124|610|610
124|533|533
124|683|683
124|597|597
124|272|272
124|307|307
124|55|55
124|568|568
124|370|370
124|819|819
124|670|670
124|643|643
124|730|730
124|199|199
124|631|631
124|927|927
124|914|914
124|101|101
124|773|773
124|281|281
124|804|804
124|276|276
124|412|412
124|29|29
124|68|68
124|406|406
124|460|460
124|570|570
124|81|81
124|699|699
124|13|13
124|570|570
124|304|304
124|706|706
124|998|998
124|318|318
124|290|290
124|147|147
124|799|799
124|874|874
124|627|627
124|977|977
124|793|793
124|397|397
124|205|205
124|505|505
124|955|955
124|440|440
124|453|453
124|844|844
124|936|936
124|153|153
124|836|836
124|177|177
124|332|332
124|44|44
124|470|470
124|997|997
124|789|789
124|992|992
124|596|596
124|953|953
124|545|545
124|325|325
124|600|600
124|543|543
124|706|706
124|530|530
124|445|445
124|123|123
124|361|361
124|13|13
124|410|410
124|134|134
124|290|290
124|86|86
124|816|816
124|847|847
124|957|957
124|595|595
124|345|345
124|866|866
124|682|682
124|316|316
124|472|472
124|101|101
124|708|708
124|672|672
124|962|962
124|468|468
124|135|135
124|617|617
124|363|363
124|60|60
124|918|918
124|733|733
124|863|863
124|1000|1000
124|724|724
124|41|41
124|679|679
124|772|772
124|321|321
124|761|761
124|126|126
124|27|27
124|418|418
124|899|899
124|826|826
124|308|308
124|893|893
124|578|578
124|731|731
124|263|263
124|200|200
124|589|589
124|435|435
124|172|172
124|44|44
124|656|656
124|104|104
124|900|900
124|496|496
124|820|820
124|97|97
124|25|25
124|672|672
124|586|586
124|939|939
124|291|291
124|109|109
124|595|595
124|508|508
124|953|953
124|640|640
124|355|355
124|367|367
124|393|393
124|977|977
124|942|942
124|619|619
124|75|75
124|575|575
124|180|180
124|910|910
124|64|64
124|549|549
124|107|107
124|826|826
124|387|387
124|744|744
124|773|773
124|831|831
124|523|523
124|856|856
124|384|384
124|850|850
124|560|560
124|973|973
124|307|307
124|804|804
124|666|666
124|139|139
124|153|153
124|436|436
124|516|516
124|828|828
124|900|900
124|820|820
124|394|394
124|749|749
124|797|797
124|958|958
124|172|172
124|494|494
124|99|99
124|684|684
124|859|859
124|195|195
124|590|590
124|376|376
124|90|90
124|251|251
124|163|163
124|563|563
124|334|334
124|229|229
124|531|531
124|231|231
124|601|601
124|33|33
124|532|532
124|559|559
124|583|583
124|247|247
124|980|980
124|417|417
124|851|851
124|96|96
124|454|454
124|702|702
124|987|987
124|427|427
124|775|775
124|186|186
124|473|473
124|335|335
124|377|377
124|599|599
124|902|902
124|210|210
124|240|240
124|612|612
124|457|457
124|487|487
124|449|449
124|524|524
124|822|822
124|581|581
124|799|799
124|139|139
124|1|1
124|63|63
124|69|69
124|874|874
124|949|949
124|900|900
124|216|216
124|696|696
124|208|208
124|945|945
124|341|341
124|383|383
124|370|370
124|360|360
124|562|562
124|869|869
124|806|806
124|332|332
124|300|300
124|119|119
124|633|633
124|36|36
124|249|249
124|407|407
124|593|593
124|949|949
124|530|530
124|711|711
124|22|22
124|901|901
124|30|30
124|898|898
124|297|297
124|148|148
124|71|71
124|850|850
124|367|367
124|504|504
124|101|101
124|668|668
124|809|809
124|551|551
124|57|57
124|108|108
124|990|990
124|607|607
124|284|284
124|132|132
124|182|182
124|103|103
124|434|434
124|637|637
124|653|653
124|178|178
124|324|324
124|231|231
124|481|481
124|331|331
124|914|914
124|927|927
124|827|827
124|277|277
124|339|339
124|571|571
124|978|978
124|920|920
124|851|851
124|727|727
124|653|653
124|585|585
124|322|322
124|53|53
124|161|161
124|337|337
124|172|172
124|960|960
124|906|906
124|542|542
124|739|739
124|482|482
124|489|489
124|440|440
124|395|395
124|694|694
124|314|314
124|438|438
124|43|43
124|602|602
124|859|859
124|528|528
124|344|344
124|805|805
124|108|108
124|454|454
124|369|369
124|347|347
124|999|999
124|873|873
124|439|439
124|908|908
124|623|623
124|843|843
124|869|869
124|160|160
124|878|878
124|907|907
124|514|514
124|489|489
124|456|456
124|70|70
124|56|56
124|102|102
124|113|113
124|74|74
124|207|207
124|876|876
124|228|228
124|87|87
124|940|940
124|907|907
124|401|401
124|357|357
124|938|938
124|562|562
124|16|16
124|948|948
124|358|358
124|738|738
124|995|995
124|808|808
124|548|548
124|836|836
124|496|496
124|546|546
124|136|136
124|488|488
124|403|403
124|40|40
124|347|347
124|390|390
124|938|938
124|117|117
124|886|886
124|294|294
124|280|280
124|709|709
124|404|404
124|711|711
124|385|385
124|158|158
124|626|626
124|525|525
124|512|512
124|675|675
124|130|130
124|437|437
124|282|282
124|527|527
124|601|601
124|15|15
124|714|714
124|500|500
124|939|939
124|333|333
124|190|190
124|569|569
124|967|967
124|188|188
124|807|807
124|654|654
124|917|917
124|163|163
124|522|522
124|67|67
124|780|780
124|250|250
124|961|961
124|361|361
124|974|974
124|831|831
124|548|548
124|608|608
124|754|754
124|665|665
124|881|881
124|867|867
124|322|322
124|669|669
124|115|115
124|446|446
124|503|503
124|449|449
124|310|310
124|619|619
124|254|254
124|200|200
124|286|286
124|405|405
124|337|337
124|51|51
124|713|713
124|319|319
124|112|112
124|853|853
124|356|356
124|867|867
124|593|593
124|98|98
124|774|774
124|41|41
124|673|673
124|293|293
124|811|811
124|190|190
124|628|628
124|399|399
124|169|169
124|872|872
124|589|589
124|424|424
124|964|964
124|152|152
124|904|904
124|35|35
124|168|168
124|615|615
124|382|382
124|603|603
124|862|862
124|358|358
124|970|970
124|373|373
124|618|618
124|865|865
124|638|638
124|974|974
124|549|549
124|706|706
124|213|213
124|931|931
124|415|415
124|514|514
124|555|555
124|268|268
124|327|327
124|478|478
124|974|974
124|378|378
124|389|389
124|832|832
124|43|43
124|708|708
124|624|624
124|863|863
124|786|786
124|944|944
124|55|55
124|193|193
124|797|797
124|595|595
124|248|248
124|906|906
124|763|763
124|278|278
124|243|243
124|626|626
124|906|906
124|971|971
124|887|887
124|656|656
124|510|510
124|899|899
124|371|371
124|120|120
124|612|612
124|704|704
124|229|229
124|235|235
124|52|52
124|11|11
124|186|186
124|369|369
124|390|390
124|169|169
124|961|961
124|785|785
124|248|248
124|877|877
124|880|880
124|420|420
124|178|178
124|918|918
124|785|785
124|204|204
124|307|307
124|538|538
124|628|628
124|271|271
124|534|534
124|29|29
124|814|814
124|455|455
124|18|18
124|937|937
124|67|67
124|221|221
124|834|834
124|730|730
124|599|599
124|703|703
124|853|853
124|406|406
124|548|548
124|808|808
124|34|34
124|752|752
124|692|692
124|177|177
124|930|930
124|108|108
124|96|96
124|348|348
124|858|858
124|889|889
124|16|16
124|593|593
124|848|848
124|650|650
124|263|263
124|101|101
124|377|377
124|784|784
124|635|635
124|816|816
124|118|118
124|939|939
124|23|23
124|615|615
124|221|221
124|228|228
124|921|921
124|359|359
124|133|133
124|673|673
124|782|782
124|161|161
124|342|342
124|940|940
124|104|104
124|574|574
124|355|355
124|832|832
124|760|760
124|381|381
124|776|776
124|580|580
124|739|739
124|838|838
124|133|133
124|864|864
124|111|111
124|712|712
124|888|888
124|751|751
124|365|365
124|157|157
124|479|479
124|537|537
124|202|202
124|615|615
124|882|882
124|704|704
124|248|248
124|944|944
124|336|336
124|280|280
124|767|767
124|1000|1000
124|778|778
124|54|54
124|980|980
124|160|160
124|433|433
124|440|440
124|879|879
124|13|13
124|365|365
124|446|446
124|549|549
124|171|171
124|937|937
124|227|227
124|119|119
124|624|624
124|914|914
124|68|68
124|187|187
124|92|92
124|944|944
124|45|45
124|306|306
124|416|416
124|477|477
124|854|854
124|9|9
124|916|916
124|863|863
124|732|732
124|499|499
124|668|668
124|733|733
124|38|38
124|292|292
124|299|299
124|218|218
124|264|264
124|144|144
124|563|563
124|321|321
124|999|999
124|569|569
124|937|937
124|838|838
124|396|396
124|401|401
124|701|701
124|840|840
124|964|964
124|18|18
124|460|460
124|640|640
124|536|536
124|377|377
124|115|115
124|504|504
124|115|115
124|51|51
124|915|915
124|787|787
124|573|573
124|789|789
124|841|841
124|309|309
124|444|444
124|655|655
124|63|63
124|721|721
124|936|936
124|351|351
124|225|225
124|316|316
124|769|769
124|682|682
124|591|591
124|871|871
124|813|813
124|896|896
124|77|77
124|788|788
124|984|984
124|982|982
124|169|169
124|918|918
124|60|60
124|242|242
124|585|585
124|676|676
124|962|962
124|597|597
124|101|101
124|945|945
124|182|182
124|314|314
124|637|637
124|71|71
124|821|821
124|204|204
124|695|695
124|885|885
124|470|470
124|231|231
124|901|901
124|975|975
124|595|595
124|630|630
124|176|176
124|959|959
124|891|891
124|473|473
124|457|457
124|423|423
124|278|278
124|267|267
124|114|114
124|741|741
124|111|111
124|996|996
124|78|78
124|976|976
124|513|513
124|349|349
124|584|584
124|410|410
124|516|516
124|668|668
124|458|458
124|923|923
124|860|860
124|990|990
124|876|876
124|388|388
124|935|935
124|795|795
124|899|899
124|154|154
124|359|359
124|28|28
124|673|673
124|530|530
124|779|779
124|145|145
124|82|82
124|103|103
124|648|648
124|432|432
124|150|150
124|47|47
124|787|787
124|985|985
124|617|617
124|112|112
124|884|884
124|576|576
124|514|514
124|197|197
124|198|198
124|836|836
124|146|146
124|823|823
124|862|862
124|746|746
124|232|232
124|279|279
124|366|366
124|544|544
124|73|73
124|765|765
124|548|548
124|326|326
124|177|177
124|763|763
